145 46 298 45 174 152 47 8 174 160 174 30 363 30 152 152 47 54 54 368 368 368 368 368 368 368 368 368 368 368
145 46 298 45 174 152 47 34 174 160 174 30 363 30 152 152 47 54 54 368 368 368 368 368 368 368 368 368 368 368
145 46 298 45 174 152 47 250 174 160 174 30 363 30 152 152 47 54 54 368 368 368 368 368 368 368 368 368 368 368
145 46 298 45 174 152 47 34 174 352 174 30 363 30 152 152 47 54 54 368 368 368 368 368 368 368 368 368 368 368
145 46 315 182 160 174 30 363 30 152 298 45 174 152 47 8 174 182 152 47 54 54 368 368 368 368 368 368 368 368
145 46 315 208 45 346 208 174 152 47 160 174 30 363 30 152 172 272 174 223 152 172 54 368 368 368 368 368 368 368
145 46 315 208 189 298 208 174 152 47 160 174 30 363 30 152 172 54 368 368 368 368 368 368 368 368 368 368 368 368
145 46 45 174 152 47 160 174 30 57 269 61 30 152 172 54 368 368 368 368 368 368 368 368 368 368 368 368 368 368
145 46 45 174 152 47 160 174 30 57 269 61 30 152 54 368 368 368 368 368 368 368 368 368 368 368 368 368 368 368
145 46 45 174 152 47 160 174 30 57 269 328 30 152 172 54 368 368 368 368 368 368 368 368 368 368 368 368 368 368
145 46 45 174 152 47 160 174 30 57 269 61 30 152 172 54 368 368 368 368 368 368 368 368 368 368 368 368 368 368
145 46 45 174 152 47 160 174 30 57 269 61 30 152 54 368 368 368 368 368 368 368 368 368 368 368 368 368 368 368
145 46 45 174 152 47 160 174 30 57 269 328 30 152 172 54 368 368 368 368 368 368 368 368 368 368 368 368 368 368
145 89 346 45 174 152 47 155 49 49 30 363 269 3 271 18 349 349 30 172 272 174 223 152 172 54 368 368 368 368
145 89 346 45 174 152 47 155 49 49 30 363 269 3 271 18 349 349 30 172 272 174 223 152 172 54 368 368 368 368
145 46 298 45 174 152 47 8 174 160 174 30 363 30 152 152 47 54 54 368 368 368 368 368 368 368 368 368 368 368
145 46 298 45 174 152 47 34 174 160 174 30 363 30 152 152 47 54 54 368 368 368 368 368 368 368 368 368 368 368
145 46 298 45 174 152 47 250 174 160 174 30 363 30 152 152 47 54 54 368 368 368 368 368 368 368 368 368 368 368
145 46 298 45 174 152 47 34 174 352 174 30 363 30 152 152 47 54 54 368 368 368 368 368 368 368 368 368 368 368
145 46 315 182 160 174 30 363 30 152 298 45 174 152 47 8 174 182 152 47 54 54 368 368 368 368 368 368 368 368
145 46 315 208 45 346 208 174 152 47 160 174 30 363 30 152 172 272 174 223 152 172 54 368 368 368 368 368 368 368
145 46 315 208 189 298 208 174 152 47 160 174 30 363 30 152 172 54 368 368 368 368 368 368 368 368 368 368 368 368
145 46 346 45 174 152 47 160 174 30 363 364 30 152 172 272 223 172 54 368 368 368 368 368 368 368 368 368 368 368
145 298 57 174 152 47 160 174 30 363 364 30 152 172 54 346 45 174 152 47 57 174 152 172 272 223 172 54 368 368
145 46 346 45 174 152 47 160 174 30 70 278 8 244 50 30 152 172 54 49 239 287 368 368 368 368 368 368 368 368
145 46 145 286 346 45 174 152 47 149 196 162 296 172 272 223 172 54 368 368 368 368 368 368 368 368 368 368 368 368
145 46 145 113 346 45 174 152 47 346 273 248 162 221 349 71 254 7 172 54 368 368 368 368 368 368 368 368 368 368
145 46 346 45 174 152 47 160 174 30 18 228 30 152 172 272 223 172 54 368 368 368 368 368 368 368 368 368 368 368
145 46 346 45 174 152 47 346 314 162 6 172 160 174 30 324 162 215 30 269 314 152 172 272 223 172 54 368 368 368
145 46 346 45 174 152 47 160 174 30 363 269 219 30 152 172 272 223 172 54 368 368 368 368 368 368 368 368 368 368
145 46 145 286 346 45 174 152 47 149 196 162 296 172 272 223 172 54 368 368 368 368 368 368 368 368 368 368 368 368
145 46 145 113 346 45 174 152 47 346 273 248 162 221 349 71 254 7 172 54 368 368 368 368 368 368 368 368 368 368
145 46 346 45 174 152 47 160 174 30 18 228 30 152 172 272 223 172 54 368 368 368 368 368 368 368 368 368 368 368
145 46 346 45 174 152 47 346 314 162 6 172 160 174 30 324 162 215 30 269 314 152 172 272 223 172 54 368 368 368
145 46 346 45 174 152 47 160 174 30 312 142 237 120 30 269 116 152 172 54 368 368 368 368 368 368 368 368 368 368
145 46 346 45 174 152 47 160 174 30 70 278 8 244 50 30 152 172 54 49 239 287 368 368 368 368 368 368 368 368
145 46 346 45 174 152 47 160 174 30 312 142 237 120 30 269 116 152 172 54 368 368 368 368 368 368 368 368 368 368
145 46 346 45 174 152 47 160 174 30 312 142 237 120 30 269 116 152 172 54 368 368 368 368 368 368 368 368 368 368
145 46 145 266 298 45 174 152 47 20 174 152 172 160 174 30 363 251 269 7 29 18 30 152 172 161 174 152 172 54
145 46 145 266 298 45 174 152 47 20 174 152 172 160 174 30 363 364 30 152 172 161 174 152 172 54 368 368 368 368
145 266 145 100 298 45 174 152 47 20 174 152 172 232 174 30 18 237 76 30 152 172 161 174 152 172 54 368 368 368
145 46 145 100 346 45 174 152 47 232 174 30 18 237 33 239 355 30 152 172 272 223 172 54 368 368 368 368 368 368
145 46 145 266 346 45 174 152 47 232 174 30 18 237 33 239 355 239 84 223 30 152 172 272 223 172 54 368 368 368
145 46 346 45 174 152 47 232 174 30 17 275 39 30 152 172 272 223 172 54 368 368 368 368 368 368 368 368 368 368
145 46 346 45 174 152 47 232 174 30 17 275 39 30 152 172 272 223 172 54 368 368 368 368 368 368 368 368 368 368
145 46 298 45 174 152 47 8 174 160 174 30 323 3 271 224 30 152 152 47 54 54 368 368 368 368 368 368 368 368
145 46 186 93 47 346 196 32 0 319 172 77 115 172 54 172 368 368 368 368 368 368 368 368 368 368 368 368 368 368
145 46 160 174 30 215 30 269 146 174 36 174 30 12 30 152 152 152 172 368 368 368 368 368 368 368 368 368 368 368
145 46 298 45 174 152 47 346 28 32 163 319 269 93 32 163 319 269 285 269 356 269 177 269 141 269 96 172 368 368
145 46 145 100 145 137 346 42 162 59 172 77 121 32 257 319 172 368 368 368 368 368 368 368 368 368 368 368 368 368
145 46 145 100 315 220 0 186 86 47 346 321 172 186 86 254 14 172 54 254 207 269 254 231 172 368 368 368 368 368
145 46 145 100 186 86 47 346 321 172 186 86 254 14 172 54 254 42 162 187 172 315 220 6 368 368 368 368 368 368
145 46 145 100 186 341 47 346 157 172 186 341 254 141 172 186 341 254 332 172 54 254 108 162 187 172 368 368 368 368
145 46 346 62 174 346 196 269 346 165 152 47 272 174 196 143 165 152 190 196 237 165 172 54 368 368 368 368 368 368
145 46 346 45 174 152 47 160 174 30 363 219 215 158 30 269 322 152 172 272 223 172 54 368 368 368 368 368 368 368
145 46 346 45 174 152 47 346 45 162 105 172 160 174 30 215 30 269 45 152 172 272 223 172 54 368 368 368 368 368
145 46 346 45 174 152 47 346 127 162 48 172 346 107 162 130 172 160 174 30 215 30 269 107 152 172 272 223 172 54
145 46 346 45 174 152 47 353 77 240 172 240 162 52 172 160 174 30 90 30 269 240 152 172 272 223 172 54 368 368
145 46 346 45 174 152 47 225 322 162 58 172 160 174 30 101 30 269 322 152 172 272 223 172 54 368 368 368 368 368
145 46 346 45 174 152 47 160 174 30 18 277 120 30 269 30 99 188 120 175 30 269 30 63 30 152 172 54 368 368
145 46 315 196 0 346 45 174 152 47 284 346 196 162 6 172 160 174 30 196 162 90 30 269 196 152 172 54 368 368
145 46 346 45 174 152 47 346 133 162 204 172 160 174 30 215 30 269 133 152 172 54 368 368 368 368 368 368 368 368
145 46 346 45 174 152 47 160 174 30 83 30 152 172 272 223 172 54 368 368 368 368 368 368 368 368 368 368 368 368
145 46 346 45 174 152 47 160 174 30 279 365 30 152 172 272 223 172 54 368 368 368 368 368 368 368 368 368 368 368
145 46 346 45 174 152 47 284 346 115 172 115 162 336 172 160 174 30 115 129 215 30 269 115 152 172 272 223 172 54
145 46 298 45 174 152 47 346 284 177 162 6 172 177 349 349 172 160 174 30 177 129 215 30 269 177 152 172 54 368
145 46 346 284 274 174 152 47 160 174 30 11 30 152 172 272 223 172 54 298 45 174 152 47 274 174 152 172 54 368
145 46 298 45 174 152 47 346 177 162 336 172 225 177 162 336 172 160 174 30 215 30 269 177 152 54 368 368 368 368
145 46 298 45 174 152 47 346 322 162 6 172 8 174 296 152 172 160 174 30 57 30 152 172 54 368 368 368 368 368
145 46 298 45 174 152 47 346 322 162 6 172 8 174 322 49 71 152 172 160 174 30 363 30 152 172 54 368 368 368
145 46 346 45 174 152 47 34 174 152 160 174 30 53 34 170 30 152 172 160 174 30 60 195 30 152 172 54 368 368
145 46 298 45 174 152 47 346 285 162 221 172 80 47 160 174 30 95 30 152 172 54 34 174 285 49 221 152 54 368
145 46 298 45 174 152 47 346 285 162 223 172 34 174 349 349 285 152 47 160 174 30 212 30 152 172 54 54 368 368
145 46 346 45 174 152 47 333 55 32 319 172 160 174 30 126 334 30 152 172 54 368 368 368 368 368 368 368 368 368
145 46 346 45 174 152 47 333 55 32 319 172 160 174 30 90 30 269 55 32 223 319 152 172 54 368 368 368 368 368
145 46 346 165 172 346 45 174 152 47 346 222 172 272 223 172 54 346 196 172 368 368 368 368 368 368 368 368 368 368
145 46 145 30 310 30 145 30 310 30 346 45 174 152 47 368 368 368 368 368 368 368 368 368 368 368 368 368 368 368
145 46 298 45 174 152 47 315 62 40 172 160 174 30 215 30 269 62 152 172 54 368 368 368 368 368 368 368 368 368
145 46 298 45 174 152 47 315 62 40 160 174 30 215 30 269 62 152 172 54 368 368 368 368 368 368 368 368 368 368
145 46 298 45 174 152 47 315 284 346 284 62 162 345 172 160 174 30 215 30 269 62 152 172 54 368 368 368 368 368
145 46 298 45 174 152 47 315 62 38 62 162 345 172 160 174 30 215 30 269 62 152 172 54 368 368 368 368 368 368
145 46 299 51 62 298 97 174 152 47 160 174 30 122 30 152 172 54 298 45 174 152 47 62 172 97 174 152 172 54
145 46 315 133 44 152 172 346 45 174 152 47 160 174 30 90 30 269 133 54 368 368 368 368 368 368 368 368 368 368
145 46 346 45 174 152 47 346 196 162 0 172 346 254 254 222 253 162 249 249 196 172 54 368 368 368 368 368 368 368
145 46 346 45 174 152 47 167 254 235 162 351 172 346 329 172 194 174 235 269 30 215 30 269 38 152 172 54 368 368
145 46 145 100 346 45 174 152 47 167 254 235 162 179 172 346 329 172 194 174 235 269 30 215 30 269 38 152 172 54
145 46 160 174 30 308 30 269 118 152 172 368 368 368 368 368 368 368 368 368 368 368 368 368 368 368 368 368 368 368
145 46 346 45 174 152 47 225 196 162 200 172 160 174 30 101 30 269 196 152 172 54 368 368 368 368 368 368 368 368
145 46 160 174 30 215 30 269 146 174 58 152 152 172 368 368 368 368 368 368 368 368 368 368 368 368 368 368 368 368
145 46 346 45 174 298 152 47 77 171 162 67 172 67 162 0 172 272 223 172 54 368 368 368 368 368 368 368 368 368
145 46 346 45 174 298 152 47 284 346 123 162 191 172 123 162 295 172 272 223 172 54 368 368 368 368 368 368 368 368
145 46 346 45 174 298 152 47 346 254 322 162 0 269 74 172 272 223 172 54 368 368 368 368 368 368 368 368 368 368
145 46 346 45 174 152 47 160 174 30 363 229 30 152 172 272 223 172 54 368 368 368 368 368 368 368 368 368 368 368
145 46 346 45 174 298 152 47 160 174 30 363 229 30 152 172 272 223 172 54 368 368 368 368 368 368 368 368 368 368
145 46 145 100 315 92 151 298 66 174 284 346 269 284 346 152 172 298 181 174 284 225 269 284 225 152 172 368 368 368
145 46 145 100 145 339 346 45 174 298 152 47 210 174 75 269 337 152 172 34 174 71 152 272 223 172 54 368 368 368
145 46 145 100 145 339 346 45 174 298 152 47 210 174 75 269 317 152 172 34 174 71 152 172 272 223 172 54 368 368
145 46 145 100 145 339 346 45 174 298 152 47 210 174 75 269 337 152 172 34 174 71 152 272 223 172 54 368 368 368
145 46 145 100 145 339 346 45 174 298 152 47 210 174 75 269 317 152 172 34 174 71 152 172 272 223 172 54 368 368
145 46 145 100 186 341 47 346 157 172 186 341 254 141 172 186 341 254 332 172 54 254 108 162 187 172 368 368 368 368
145 46 346 45 174 152 47 160 174 30 363 219 30 152 172 161 174 152 172 272 223 172 54 368 368 368 368 368 368 368
145 46 145 100 346 45 174 152 47 160 174 30 164 162 168 30 269 37 174 30 366 30 152 152 172 272 223 172 54 368
145 46 346 45 174 152 47 225 322 172 322 162 174 225 152 184 239 6 172 160 174 30 101 30 269 322 152 172 54 368
145 46 145 100 346 45 174 152 47 160 174 30 164 162 168 30 269 37 174 30 366 30 152 152 172 272 223 172 54 368
145 46 315 62 257 346 45 174 152 47 160 174 30 62 129 215 30 269 62 152 172 272 223 172 54 368 368 368 368 368
145 46 315 270 174 196 269 165 152 260 346 45 174 152 47 160 174 30 215 30 269 270 174 48 269 65 152 152 172 54
145 46 315 2 174 196 152 335 346 45 174 152 47 160 174 30 120 30 269 2 174 302 152 152 172 54 368 368 368 368
145 46 346 45 174 298 152 47 160 174 30 262 69 64 30 30 129 139 30 152 172 272 174 223 152 172 54 368 368 368
145 46 346 45 174 298 152 47 160 174 30 363 153 30 152 172 272 174 223 152 172 54 368 368 368 368 368 368 368 368
145 46 346 45 174 298 152 47 160 174 30 268 30 152 172 160 174 30 104 30 152 172 272 174 223 152 172 54 368 368
145 46 346 45 174 298 152 47 160 174 30 363 109 258 30 152 172 272 174 223 152 172 54 368 368 368 368 368 368 368
145 46 346 45 174 298 152 47 160 174 30 363 110 306 234 30 152 172 272 174 223 152 172 54 368 368 368 368 368 368
145 46 346 45 174 298 152 47 160 174 30 176 30 152 172 272 174 223 152 172 54 368 368 368 368 368 368 368 368 368
145 46 346 45 174 298 152 47 160 174 30 304 30 152 172 272 223 172 54 368 368 368 368 368 368 368 368 368 368 368
145 46 346 45 174 298 152 47 77 254 355 162 30 307 30 172 160 174 30 120 30 269 355 152 172 272 223 172 54 368
145 46 346 45 174 298 152 47 77 254 355 162 30 233 30 172 160 174 30 120 30 269 355 152 172 272 223 172 54 368
145 46 346 45 174 152 47 205 174 152 172 68 162 221 172 160 174 30 215 30 269 68 152 172 272 223 172 54 368 368
145 46 346 45 174 152 47 284 346 96 162 71 172 96 162 6 172 272 223 172 54 368 368 368 368 368 368 368 368 368
145 87 346 45 174 152 47 346 133 162 6 172 241 346 177 162 133 172 159 237 237 155 49 49 177 172 272 223 172 54
145 30 326 30 333 346 133 172 346 45 174 298 152 47 133 162 0 172 272 223 172 54 368 368 368 368 368 368 368 368
145 46 315 294 174 355 152 124 346 45 174 298 152 47 160 174 294 174 112 152 152 172 272 223 172 54 368 368 368 368
145 46 346 45 174 298 152 47 77 313 32 148 349 71 319 172 178 174 313 152 172 27 174 313 152 172 272 223 172 54
145 46 315 154 30 230 30 346 45 174 152 47 160 174 30 120 30 269 154 152 172 272 223 172 54 368 368 368 368 368
145 102 346 45 174 152 47 160 174 206 217 269 198 152 172 272 223 172 54 368 368 368 368 368 368 368 368 368 368 368
145 13 346 198 162 0 172 346 45 174 152 47 160 174 206 24 269 198 152 172 272 223 172 54 368 368 368 368 368 368
145 46 145 100 346 45 174 298 152 47 346 254 201 162 174 346 254 152 255 174 0 152 172 272 223 172 54 368 368 368
145 46 346 45 174 298 152 47 160 174 30 3 271 104 30 152 172 272 223 172 54 368 368 368 368 368 368 368 368 368
145 46 346 45 174 298 152 47 160 174 30 3 271 104 30 152 172 272 223 172 54 368 368 368 368 368 368 368 368 368
145 87 264 193 159 172 346 45 174 152 47 225 133 162 291 172 160 174 30 338 30 269 133 152 172 272 223 172 54 368
145 46 346 45 174 152 47 346 322 162 325 172 160 174 30 215 30 269 322 152 172 272 223 172 54 368 368 368 368 368
145 46 346 45 174 152 47 77 140 32 319 162 30 348 30 172 160 174 30 120 30 269 140 152 172 272 223 172 54 368
145 286 346 45 174 152 47 149 227 32 221 319 162 47 296 269 354 54 172 272 223 172 54 368 368 368 368 368 368 368
145 46 346 45 174 152 47 213 346 322 172 346 74 172 160 174 30 215 158 215 30 269 322 269 74 152 172 54 368 368
145 30 180 30 315 343 1 346 45 174 152 47 160 174 30 215 30 269 146 174 343 152 152 172 272 223 172 54 368 368
145 46 346 45 174 152 47 77 196 162 242 172 160 174 30 215 30 269 196 152 172 272 223 172 54 368 368 368 368 368
145 46 346 45 174 152 47 77 196 162 10 172 160 174 30 215 30 269 196 152 172 272 223 172 54 368 368 368 368 368
145 46 346 45 174 152 47 346 322 162 187 172 54 368 368 368 368 368 368 368 368 368 368 368 368 368 368 368 368 368
145 46 346 45 174 152 47 346 322 162 259 172 54 368 368 368 368 368 368 368 368 368 368 368 368 368 368 368 368 368
145 87 264 193 159 172 103 367 47 54 172 346 45 174 152 47 155 49 49 146 174 367 152 172 272 223 172 54 368 368
145 46 346 45 174 152 47 77 211 162 238 172 290 174 211 152 172 272 174 223 152 172 54 368 368 368 368 368 368 368
145 46 346 45 174 152 47 160 174 30 215 30 269 146 174 58 152 152 172 272 223 172 54 368 368 368 368 368 368 368
145 46 346 45 174 152 47 78 174 152 172 54 346 78 174 152 47 160 174 30 363 30 152 172 272 223 172 54 368 368
145 46 346 45 174 152 47 298 254 138 172 346 254 134 162 138 172 272 223 172 54 368 368 368 368 368 368 368 368 368
145 46 346 45 174 152 47 284 346 196 172 272 223 172 54 368 368 368 368 368 368 368 368 368 368 368 368 368 368 368
145 46 346 45 174 298 152 47 346 267 162 6 172 160 174 30 215 30 269 267 152 172 54 368 368 368 368 368 368 368
145 46 346 45 174 152 47 77 254 222 162 169 172 160 174 30 222 162 359 30 269 222 152 172 272 223 172 54 368 368
145 46 298 45 174 152 47 160 174 30 363 364 30 152 172 54 368 368 368 368 368 368 368 368 368 368 368 368 368 368
145 87 103 135 47 213 298 350 174 152 284 47 272 172 54 54 172 346 45 174 152 47 15 174 152 172 272 223 172 54
145 87 346 45 174 152 47 346 45 162 0 172 159 237 237 155 49 49 45 172 272 223 172 54 368 368 368 368 368 368
145 87 186 128 47 128 174 152 47 159 237 237 155 49 49 30 104 30 172 54 54 202 172 346 45 174 152 47 54 368
145 132 346 133 162 160 174 30 104 30 152 172 346 45 174 152 47 54 368 368 368 368 368 368 368 368 368 368 368 368
145 46 346 45 174 152 47 160 174 30 215 30 269 187 152 172 272 223 172 54 368 368 368 368 368 368 368 368 368 368
145 46 346 45 174 152 47 160 174 30 215 30 269 146 174 187 152 152 172 272 223 172 54 368 368 368 368 368 368 368
145 46 346 45 174 152 47 346 254 201 162 187 172 160 174 30 215 30 269 254 201 152 172 272 223 172 54 368 368 368
145 46 346 45 174 152 47 160 174 30 215 30 269 146 174 298 152 152 172 272 223 172 54 368 368 368 368 368 368 368
145 46 346 45 174 152 47 160 174 30 215 30 269 146 174 298 254 152 152 172 272 223 172 54 368 368 368 368 368 368
145 87 264 193 159 172 346 45 174 152 47 346 322 162 247 172 155 49 49 322 172 272 223 172 54 368 368 368 368 368
145 87 264 193 159 172 346 45 174 152 47 346 322 162 311 172 155 49 49 322 172 272 223 172 54 368 368 368 368 368
145 87 264 193 159 172 346 45 174 152 47 346 322 162 309 172 155 49 49 322 172 272 223 172 54 368 368 368 368 368
145 87 264 193 159 172 298 350 174 152 47 103 135 47 54 172 54 346 45 174 152 47 272 223 172 54 368 368 368 368
145 87 264 193 159 172 298 350 174 152 47 103 135 47 213 346 285 172 54 172 54 346 45 174 152 47 272 223 172 54
145 46 346 45 174 152 47 77 254 115 162 187 172 160 174 30 120 30 269 115 152 172 272 223 172 54 368 368 368 368
145 46 346 45 174 152 47 225 96 162 43 172 160 174 30 226 30 269 96 152 172 272 223 172 54 368 368 368 368 368
145 46 346 45 174 152 47 77 211 162 67 172 160 174 30 185 30 269 211 152 172 272 223 172 54 368 368 368 368 368
145 46 346 45 174 152 47 346 196 162 263 172 160 174 30 23 30 269 196 152 172 272 223 172 54 368 368 368 368 368
145 46 346 45 174 152 47 346 196 162 245 172 160 174 30 218 30 269 196 152 172 272 223 172 54 368 368 368 368 368
145 46 346 45 174 152 47 77 196 32 319 162 30 112 30 172 160 174 30 168 30 269 196 152 172 272 223 172 54 368
145 46 346 45 174 152 47 346 285 172 131 174 172 172 152 47 160 174 30 81 170 85 91 331 30 152 172 54 54 368
145 46 346 45 174 298 152 47 160 174 30 363 153 30 152 172 272 174 223 152 172 54 368 368 368 368 368 368 368 368
145 46 346 45 174 152 47 160 174 30 360 162 280 30 269 146 174 344 152 152 172 54 368 368 368 368 368 368 368 368
145 288 239 35 349 349 300 346 322 162 160 174 30 363 364 30 152 172 346 45 174 152 47 54 368 368 368 368 368 368
145 46 298 45 174 152 47 346 196 172 0 162 196 172 54 368 368 368 368 368 368 368 368 368 368 368 368 368 368 368
145 288 239 35 349 349 300 264 193 159 172 346 45 174 152 47 346 254 201 162 187 172 31 201 172 272 223 172 54 368
145 288 239 35 349 349 300 264 193 159 172 346 45 174 152 47 346 322 172 31 322 172 272 223 172 54 368 368 368 368
145 87 145 30 5 30 145 30 252 30 346 45 174 152 47 297 237 237 274 174 152 172 21 237 237 274 174 152 172 54
145 87 264 193 159 172 346 45 174 152 47 305 49 49 30 282 26 256 30 172 272 223 172 54 368 368 368 368 368 368
145 87 264 193 159 172 346 45 174 152 47 41 49 49 30 282 26 256 30 172 272 223 172 54 368 368 368 368 368 368
145 87 264 193 159 172 346 72 162 6 172 346 45 174 152 47 346 72 162 221 172 155 49 49 72 49 49 25 172 54
145 46 346 45 174 152 47 160 174 30 81 129 347 125 147 136 261 30 152 172 272 223 172 54 368 368 368 368 368 368
145 46 298 45 174 152 47 346 254 115 172 160 174 30 90 30 269 254 115 152 172 54 368 368 368 368 368 368 368 368
145 46 346 45 174 152 47 160 174 30 363 219 30 152 172 272 223 172 54 368 368 368 368 368 368 368 368 368 368 368
145 46 298 114 174 298 152 47 160 174 30 363 219 30 152 172 54 346 45 174 152 47 114 174 152 172 272 223 172 54
145 46 346 45 174 152 47 160 174 30 363 328 30 152 172 272 223 172 54 368 368 368 368 368 368 368 368 368 368 368
145 46 346 45 174 152 47 34 174 71 152 368 368 368 368 368 368 368 368 368 368 368 368 368 368 368 368 368 368 368
145 46 346 45 174 152 47 77 211 172 160 174 30 117 196 9 30 152 172 111 174 30 82 30 269 249 211 152 172 368
145 46 298 265 174 346 254 269 346 254 152 172 368 368 368 368 368 368 368 368 368 368 368 368 368 368 368 368 368 368
145 100 346 45 174 152 47 232 174 30 18 237 76 30 152 172 272 223 172 54 368 368 368 368 368 368 368 368 368 368
145 46 145 100 346 45 174 152 47 232 174 30 18 237 183 239 355 30 152 172 272 223 172 54 368 368 368 368 368 368
145 46 346 45 174 152 47 232 174 30 17 275 39 30 152 172 272 223 172 54 368 368 368 368 368 368 368 368 368 368
145 46 346 45 174 152 47 160 174 30 363 357 30 152 172 272 223 172 54 368 368 368 368 368 368 368 368 368 368 368
145 46 346 45 174 152 47 346 322 172 160 174 30 327 320 362 30 152 172 111 174 30 215 30 269 249 322 152 172 368
145 46 346 45 174 152 47 346 222 162 71 172 368 368 368 368 368 368 368 368 368 368 368 368 368 368 368 368 368 368
145 46 145 137 186 340 47 77 330 32 236 319 172 346 358 172 54 172 368 368 368 368 368 368 368 368 368 368 368 368
145 46 346 45 174 152 47 346 329 269 222 162 71 172 111 174 30 215 30 269 249 329 152 172 368 368 368 368 368 368
145 89 145 266 45 174 152 47 155 49 49 30 117 196 197 30 172 161 174 152 172 54 368 368 368 368 368 368 368 368
145 46 45 174 152 47 346 222 172 222 162 15 174 152 172 290 174 222 152 172 272 223 172 54 368 368 368 368 368 368
145 46 145 266 45 174 152 47 318 174 283 152 172 192 174 30 18 277 30 152 172 161 174 152 172 272 223 172 54 368
145 46 346 45 174 152 47 160 174 30 363 219 30 152 172 272 223 172 54 368 368 368 368 368 368 368 368 368 368 368
145 346 45 174 152 47 160 174 30 363 18 281 30 152 172 272 223 172 54 368 368 368 368 368 368 368 368 368 368 368
145 346 45 174 152 47 160 174 30 363 18 281 30 152 172 272 223 172 54 368 368 368 368 368 368 368 368 368 368 368
145 346 45 174 152 47 160 174 30 363 18 166 30 152 172 272 223 172 54 368 368 368 368 368 368 368 368 368 368 368
145 346 45 174 152 47 160 174 30 363 18 166 30 152 172 272 223 172 54 368 368 368 368 368 368 368 368 368 368 368
145 30 214 30 145 298 276 174 152 47 160 174 30 342 119 237 215 30 269 88 152 172 54 368 368 368 368 368 368 368
145 346 45 174 152 47 160 174 30 363 18 30 152 172 272 223 172 54 368 368 368 368 368 368 368 368 368 368 368 368
145 346 45 174 152 47 160 174 30 363 18 30 152 172 272 223 172 54 368 368 368 368 368 368 368 368 368 368 368 368
145 46 298 45 174 152 47 34 174 152 47 160 174 30 57 303 30 152 172 54 54 368 368 368 368 368 368 368 368 368
145 46 298 45 174 152 47 131 174 172 172 152 47 160 174 30 301 271 216 30 152 172 54 54 368 368 368 368 368 368
145 46 346 45 174 152 47 73 346 196 172 160 174 30 215 30 269 196 152 172 54 368 368 368 368 368 368 368 368 368
145 46 346 45 174 152 47 73 346 196 162 223 172 160 174 30 359 30 269 249 196 172 152 172 54 368 368 368 368 368
145 46 346 45 174 152 47 333 346 196 172 160 174 30 215 30 269 196 152 172 54 368 368 368 368 368 368 368 368 368
145 346 196 172 346 45 174 152 47 333 346 196 172 160 174 30 215 30 269 196 152 172 54 368 368 368 368 368 368 368
145 346 196 172 346 45 174 152 47 333 346 196 162 223 172 160 174 30 215 30 269 196 152 172 54 368 368 368 368 368
145 346 45 174 152 47 333 346 196 172 160 174 30 215 30 269 196 152 172 54 346 196 162 44 172 368 368 368 368 368
145 346 45 174 152 47 160 174 30 363 18 30 152 172 272 223 172 54 368 368 368 368 368 368 368 368 368 368 368 368
145 315 343 1 45 174 152 47 160 174 30 101 30 269 343 152 172 54 368 368 368 368 368 368 368 368 368 368 368 368
145 315 343 1 19 343 45 174 152 47 160 174 30 101 30 269 343 152 172 54 368 368 368 368 368 368 368 368 368 368
145 315 64 245 346 56 162 64 254 64 172 19 64 45 174 152 47 160 174 30 215 30 269 56 152 172 54 368 368 368
145 346 45 174 152 47 8 174 160 174 30 57 61 30 152 152 47 54 272 223 172 54 368 368 368 368 368 368 368 368
145 346 45 174 152 47 250 174 160 174 30 57 61 30 152 152 47 54 272 223 172 54 368 368 368 368 368 368 368 368
145 346 45 174 152 47 34 174 352 174 30 57 61 30 152 152 47 54 272 223 172 54 368 368 368 368 368 368 368 368
145 315 361 45 298 361 174 152 47 160 174 30 363 30 152 172 54 368 368 368 368 368 368 368 368 368 368 368 368 368
145 46 298 45 174 152 47 346 254 201 162 255 174 289 157 152 172 173 174 201 152 172 54 368 368 368 368 368 368 368
145 46 298 45 174 152 47 346 254 201 162 255 174 289 157 152 172 173 174 201 152 172 201 162 187 172 54 368 368 368
145 315 361 45 298 361 174 152 47 160 174 30 363 30 152 172 54 368 368 368 368 368 368 368 368 368 368 368 368 368
145 46 298 45 174 152 47 8 174 160 174 30 57 61 30 152 152 47 54 54 368 368 368 368 368 368 368 368 368 368
145 346 45 174 152 47 160 174 30 363 18 281 30 152 172 272 223 172 54 368 368 368 368 368 368 368 368 368 368 368
145 346 45 174 152 47 160 174 30 363 18 166 30 152 172 272 223 172 54 368 368 368 368 368 368 368 368 368 368 368
145 346 45 174 152 47 160 174 30 363 18 166 30 152 172 272 223 172 54 368 368 368 368 368 368 368 368 368 368 368
145 30 214 30 145 298 276 174 152 47 160 174 30 342 119 237 215 30 269 88 152 172 54 368 368 368 368 368 368 368
145 346 45 174 152 47 160 174 30 363 18 30 152 172 272 223 172 54 368 368 368 368 368 368 368 368 368 368 368 368
145 346 45 174 152 47 160 174 30 363 18 30 152 172 272 223 172 54 368 368 368 368 368 368 368 368 368 368 368 368
145 46 298 45 174 152 47 34 174 152 47 160 174 30 57 303 30 152 172 54 54 368 368 368 368 368 368 368 368 368
145 46 298 45 174 152 47 131 174 172 172 152 47 160 174 30 301 271 216 30 152 172 54 54 368 368 368 368 368 368
145 46 346 45 174 152 47 73 346 196 172 160 174 30 215 30 269 196 152 172 54 368 368 368 368 368 368 368 368 368
145 46 346 45 174 152 47 73 346 196 162 223 172 160 174 30 359 30 269 249 196 172 152 172 54 368 368 368 368 368
145 46 346 45 174 152 47 333 346 196 172 160 174 30 215 30 269 196 152 172 54 368 368 368 368 368 368 368 368 368
145 346 196 172 346 45 174 152 47 333 346 196 172 160 174 30 215 30 269 196 152 172 54 368 368 368 368 368 368 368
145 346 196 172 346 45 174 152 47 333 346 196 162 223 172 160 174 30 215 30 269 196 152 172 54 368 368 368 368 368
145 346 45 174 152 47 333 346 196 172 160 174 30 215 30 269 196 152 172 54 346 196 162 44 172 368 368 368 368 368
145 346 45 174 152 47 160 174 30 363 18 30 152 172 272 223 172 54 368 368 368 368 368 368 368 368 368 368 368 368
145 315 343 1 45 174 152 47 160 174 30 101 30 269 343 152 172 54 368 368 368 368 368 368 368 368 368 368 368 368
145 315 343 1 19 343 45 174 152 47 160 174 30 101 30 269 343 152 172 54 368 368 368 368 368 368 368 368 368 368
145 315 64 245 346 56 162 64 254 64 172 19 64 45 174 152 47 160 174 30 215 30 269 56 152 172 54 368 368 368
145 346 45 174 152 47 8 174 160 174 30 57 61 30 152 152 47 54 272 223 172 54 368 368 368 368 368 368 368 368
145 346 45 174 152 47 250 174 160 174 30 57 61 30 152 152 47 54 272 223 172 54 368 368 368 368 368 368 368 368
145 346 45 174 152 47 34 174 352 174 30 57 61 30 152 152 47 54 272 223 172 54 368 368 368 368 368 368 368 368
145 315 361 45 298 361 174 152 47 160 174 30 363 30 152 172 54 368 368 368 368 368 368 368 368 368 368 368 368 368
145 45 174 152 225 196 162 1 172 292 165 162 1 172 368 368 368 368 368 368 368 368 368 368 368 368 368 368 368 368
145 346 45 174 152 47 160 174 30 316 30 269 45 174 152 152 172 272 223 172 54 368 368 368 368 368 368 368 368 368
145 45 174 152 47 77 254 322 162 187 172 160 174 30 82 30 269 254 322 152 172 54 368 368 368 368 368 368 368 368
145 346 45 174 152 47 346 356 162 0 172 346 254 285 162 249 356 172 272 223 172 54 368 368 368 368 368 368 368 368
145 145 346 45 174 152 47 160 174 30 90 30 269 36 174 30 144 30 152 152 172 272 223 172 54 368 368 368 368 368
145 145 346 45 174 152 47 77 94 32 319 162 30 22 30 172 160 174 30 168 30 269 94 152 172 272 223 172 54 368
145 145 346 45 174 152 47 160 174 30 185 30 269 30 216 30 32 6 319 152 172 272 223 172 54 368 368 368 368 368
145 346 45 174 152 47 160 174 30 359 168 30 269 249 30 3 30 269 249 30 228 30 152 172 272 223 172 54 368 368
145 45 174 152 47 4 47 16 269 129 162 184 269 79 54 172 160 174 30 215 215 30 269 16 269 79 152 172 54 368
145 46 298 45 174 152 47 346 254 201 162 255 174 289 157 152 172 173 174 201 152 172 54 368 368 368 368 368 368 368
145 46 298 45 174 152 47 346 254 201 162 255 174 289 157 152 172 173 174 201 152 172 201 162 187 172 54 368 368 368
145 315 361 45 298 361 174 152 47 160 174 30 363 30 152 172 54 368 368 368 368 368 368 368 368 368 368 368 368 368
145 46 298 45 174 152 47 8 174 160 174 30 57 61 30 152 152 47 54 54 368 368 368 368 368 368 368 368 368 368
145 46 346 45 174 152 47 160 174 30 363 269 156 30 152 172 272 223 172 54 368 368 368 368 368 368 368 368 368 368
145 46 346 45 174 152 47 160 174 30 363 269 156 30 152 172 272 223 172 54 368 368 368 368 368 368 368 368 368 368
145 46 346 45 174 152 47 160 174 30 363 269 219 30 152 172 272 223 172 54 368 368 368 368 368 368 368 368 368 368
145 46 346 45 174 152 47 160 174 30 203 293 156 30 152 172 272 223 172 54 368 368 368 368 368 368 368 368 368 368
145 46 346 45 174 152 47 160 174 30 363 269 156 30 152 172 272 223 172 54 368 368 368 368 368 368 368 368 368 368
145 46 145 30 150 30 145 30 98 239 199 30 368 368 368 368 368 368 368 368 368 368 368 368 368 368 368 368 368 368
145 46 315 182 174 106 152 246 346 45 174 152 47 160 174 182 174 18 228 209 243 152 152 172 272 223 172 54 368 368
145 46 145 100 346 45 174 152 47 77 254 201 162 255 174 146 174 77 152 254 44 152 172 272 223 172 54 368 368 368
145 46 315 182 174 106 152 246 346 45 174 152 47 160 174 182 174 18 228 209 243 152 152 172 272 223 172 54 368 368
145 46 145 30 150 30 145 30 98 239 199 30 368 368 368 368 368 368 368 368 368 368 368 368 368 368 368 368 368 368
145 46 145 100 346 45 174 152 47 77 254 201 162 255 174 146 174 77 152 254 44 152 172 272 223 172 54 368 368 368
145 46 346 45 174 152 47 160 174 30 363 269 156 30 152 172 272 223 172 54 368 368 368 368 368 368 368 368 368 368
145 46 346 45 174 152 47 160 174 30 203 293 156 30 152 172 272 223 172 54 368 368 368 368 368 368 368 368 368 368
145 46 346 45 174 152 47 160 174 30 363 269 219 30 152 172 272 223 172 54 368 368 368 368 368 368 368 368 368 368
145 46 346 45 174 152 47 160 174 30 363 269 156 30 152 172 272 223 172 54 368 368 368 368 368 368 368 368 368 368
145 46 346 45 174 152 47 160 174 30 363 269 156 30 152 172 272 223 172 54 368 368 368 368 368 368 368 368 368 368
